1.086812452831563469e+00 0.000000000000000000e+00 0.000000000000000000e+00 0.000000000000000000e+00 0.000000000000000000e+00 0.000000000000000000e+00 0.000000000000000000e+00 0.000000000000000000e+00 0.000000000000000000e+00 0.000000000000000000e+00 0.000000000000000000e+00 0.000000000000000000e+00
0.000000000000000000e+00 0.000000000000000000e+00 0.000000000000000000e+00 0.000000000000000000e+00 0.000000000000000000e+00 0.000000000000000000e+00 0.000000000000000000e+00 0.000000000000000000e+00 0.000000000000000000e+00 0.000000000000000000e+00 0.000000000000000000e+00 0.000000000000000000e+00
0.000000000000000000e+00 9.999999193720494617e-01 4.499998362292368936e-01 0.000000000000000000e+00 0.000000000000000000e+00 0.000000000000000000e+00 0.000000000000000000e+00 0.000000000000000000e+00 0.000000000000000000e+00 0.000000000000000000e+00 0.000000000000000000e+00 0.000000000000000000e+00
0.000000000000000000e+00 0.000000000000000000e+00 0.000000000000000000e+00 0.000000000000000000e+00 1.172148042794599471e-01 8.379056821867694183e-01 8.338827170998002192e-01 8.288496481864748855e-01 5.996878400637549733e-01 0.000000000000000000e+00 4.784337546225077564e-01 0.000000000000000000e+00
0.000000000000000000e+00 0.000000000000000000e+00 0.000000000000000000e+00 0.000000000000000000e+00 2.466165276068313095e-01 9.710852522023499800e-01 9.506755267480733185e-01 9.542045333768933713e-01 0.000000000000000000e+00 8.611936423081970604e-01 5.840215123705605471e-01 0.000000000000000000e+00
0.000000000000000000e+00 0.000000000000000000e+00 0.000000000000000000e+00 0.000000000000000000e+00 1.611980611709324662e-01 8.560167644838451162e-01 8.549281513093873741e-01 8.313205762541144850e-01 6.177658644897127127e-01 0.000000000000000000e+00 4.906803152837265203e-01 0.000000000000000000e+00
0.000000000000000000e+00 9.942093061060306436e-01 0.000000000000000000e+00 1.099999567913263254e+00 2.588659922774318167e-02 1.304608689429009316e-01 9.017225914864028802e-01 2.052027913184690522e-01 7.698546702855598722e-01 0.000000000000000000e+00 5.289895975608860379e-01 0.000000000000000000e+00
1.086812452831563469e+00 0.000000000000000000e+00 0.000000000000000000e+00 0.000000000000000000e+00 0.000000000000000000e+00 0.000000000000000000e+00 0.000000000000000000e+00 0.000000000000000000e+00 0.000000000000000000e+00 0.000000000000000000e+00 0.000000000000000000e+00 0.000000000000000000e+00
0.000000000000000000e+00 0.000000000000000000e+00 0.000000000000000000e+00 0.000000000000000000e+00 0.000000000000000000e+00 0.000000000000000000e+00 0.000000000000000000e+00 0.000000000000000000e+00 0.000000000000000000e+00 0.000000000000000000e+00 0.000000000000000000e+00 0.000000000000000000e+00
0.000000000000000000e+00 9.999999193720494617e-01 4.499998362292368936e-01 0.000000000000000000e+00 0.000000000000000000e+00 0.000000000000000000e+00 0.000000000000000000e+00 0.000000000000000000e+00 0.000000000000000000e+00 0.000000000000000000e+00 0.000000000000000000e+00 0.000000000000000000e+00
0.000000000000000000e+00 0.000000000000000000e+00 0.000000000000000000e+00 0.000000000000000000e+00 1.172148042794599471e-01 8.379056821867694183e-01 8.338827170998002192e-01 8.288496481864748855e-01 5.996878400637549733e-01 0.000000000000000000e+00 4.784337546225077564e-01 0.000000000000000000e+00
0.000000000000000000e+00 0.000000000000000000e+00 0.000000000000000000e+00 0.000000000000000000e+00 2.466165276068313095e-01 9.710852522023499800e-01 9.506755267480733185e-01 9.542045333768933713e-01 0.000000000000000000e+00 8.611936423081970604e-01 5.840215123705605471e-01 0.000000000000000000e+00
0.000000000000000000e+00 0.000000000000000000e+00 0.000000000000000000e+00 0.000000000000000000e+00 1.611980611709324662e-01 8.560167644838451162e-01 8.549281513093873741e-01 8.313205762541144850e-01 6.177658644897127127e-01 0.000000000000000000e+00 4.906803152837265203e-01 0.000000000000000000e+00
0.000000000000000000e+00 9.942093061060306436e-01 0.000000000000000000e+00 1.099999567913263254e+00 2.588659922774318167e-02 1.304608689429009316e-01 9.017225914864028802e-01 2.052027913184690522e-01 7.698546702855598722e-01 0.000000000000000000e+00 5.289895975608860379e-01 0.000000000000000000e+00
1.086812452831563469e+00 0.000000000000000000e+00 0.000000000000000000e+00 0.000000000000000000e+00 0.000000000000000000e+00 0.000000000000000000e+00 0.000000000000000000e+00 0.000000000000000000e+00 0.000000000000000000e+00 0.000000000000000000e+00 0.000000000000000000e+00 0.000000000000000000e+00
0.000000000000000000e+00 0.000000000000000000e+00 0.000000000000000000e+00 0.000000000000000000e+00 0.000000000000000000e+00 0.000000000000000000e+00 0.000000000000000000e+00 0.000000000000000000e+00 0.000000000000000000e+00 0.000000000000000000e+00 0.000000000000000000e+00 0.000000000000000000e+00
0.000000000000000000e+00 9.999999193720494617e-01 4.499998362292368936e-01 0.000000000000000000e+00 0.000000000000000000e+00 0.000000000000000000e+00 0.000000000000000000e+00 0.000000000000000000e+00 0.000000000000000000e+00 0.000000000000000000e+00 0.000000000000000000e+00 0.000000000000000000e+00
0.000000000000000000e+00 0.000000000000000000e+00 0.000000000000000000e+00 0.000000000000000000e+00 1.172148042794599471e-01 8.379056821867694183e-01 8.338827170998002192e-01 8.288496481864748855e-01 5.996878400637549733e-01 0.000000000000000000e+00 4.784337546225077564e-01 0.000000000000000000e+00
0.000000000000000000e+00 0.000000000000000000e+00 0.000000000000000000e+00 0.000000000000000000e+00 2.466165276068313095e-01 9.710852522023499800e-01 9.506755267480733185e-01 9.542045333768933713e-01 0.000000000000000000e+00 8.611936423081970604e-01 5.840215123705605471e-01 0.000000000000000000e+00
0.000000000000000000e+00 0.000000000000000000e+00 0.000000000000000000e+00 0.000000000000000000e+00 1.611980611709324662e-01 8.560167644838451162e-01 8.549281513093873741e-01 8.313205762541144850e-01 6.177658644897127127e-01 0.000000000000000000e+00 4.906803152837265203e-01 0.000000000000000000e+00
0.000000000000000000e+00 9.942093061060306436e-01 0.000000000000000000e+00 1.099999567913263254e+00 2.588659922774318167e-02 1.304608689429009316e-01 9.017225914864028802e-01 2.052027913184690522e-01 7.698546702855598722e-01 0.000000000000000000e+00 5.289895975608860379e-01 0.000000000000000000e+00
1.086812452831563469e+00 0.000000000000000000e+00 0.000000000000000000e+00 0.000000000000000000e+00 0.000000000000000000e+00 0.000000000000000000e+00 0.000000000000000000e+00 0.000000000000000000e+00 0.000000000000000000e+00 0.000000000000000000e+00 0.000000000000000000e+00 0.000000000000000000e+00
0.000000000000000000e+00 0.000000000000000000e+00 0.000000000000000000e+00 0.000000000000000000e+00 0.000000000000000000e+00 0.000000000000000000e+00 0.000000000000000000e+00 0.000000000000000000e+00 0.000000000000000000e+00 0.000000000000000000e+00 0.000000000000000000e+00 0.000000000000000000e+00
0.000000000000000000e+00 9.999999193720494617e-01 4.499998362292368936e-01 0.000000000000000000e+00 0.000000000000000000e+00 0.000000000000000000e+00 0.000000000000000000e+00 0.000000000000000000e+00 0.000000000000000000e+00 0.000000000000000000e+00 0.000000000000000000e+00 0.000000000000000000e+00
0.000000000000000000e+00 0.000000000000000000e+00 0.000000000000000000e+00 0.000000000000000000e+00 1.172148042794599471e-01 8.379056821867694183e-01 8.338827170998002192e-01 8.288496481864748855e-01 5.996878400637549733e-01 0.000000000000000000e+00 4.784337546225077564e-01 0.000000000000000000e+00
0.000000000000000000e+00 0.000000000000000000e+00 0.000000000000000000e+00 0.000000000000000000e+00 2.466165276068313095e-01 9.710852522023499800e-01 9.506755267480733185e-01 9.542045333768933713e-01 0.000000000000000000e+00 8.611936423081970604e-01 5.840215123705605471e-01 0.000000000000000000e+00
0.000000000000000000e+00 0.000000000000000000e+00 0.000000000000000000e+00 0.000000000000000000e+00 1.611980611709324662e-01 8.560167644838451162e-01 8.549281513093873741e-01 8.313205762541144850e-01 6.177658644897127127e-01 0.000000000000000000e+00 4.906803152837265203e-01 0.000000000000000000e+00
0.000000000000000000e+00 9.942093061060306436e-01 0.000000000000000000e+00 1.099999567913263254e+00 2.588659922774318167e-02 1.304608689429009316e-01 9.017225914864028802e-01 2.052027913184690522e-01 7.698546702855598722e-01 0.000000000000000000e+00 5.289895975608860379e-01 0.000000000000000000e+00
