1.084768599135991884e+00 0.000000000000000000e+00 0.000000000000000000e+00 0.000000000000000000e+00 0.000000000000000000e+00 0.000000000000000000e+00 0.000000000000000000e+00 0.000000000000000000e+00 0.000000000000000000e+00 0.000000000000000000e+00 0.000000000000000000e+00 0.000000000000000000e+00
0.000000000000000000e+00 0.000000000000000000e+00 0.000000000000000000e+00 0.000000000000000000e+00 0.000000000000000000e+00 0.000000000000000000e+00 0.000000000000000000e+00 0.000000000000000000e+00 0.000000000000000000e+00 0.000000000000000000e+00 0.000000000000000000e+00 0.000000000000000000e+00
0.000000000000000000e+00 9.999999999998545608e-01 4.499999999997594813e-01 0.000000000000000000e+00 0.000000000000000000e+00 0.000000000000000000e+00 0.000000000000000000e+00 0.000000000000000000e+00 0.000000000000000000e+00 0.000000000000000000e+00 0.000000000000000000e+00 0.000000000000000000e+00
0.000000000000000000e+00 0.000000000000000000e+00 0.000000000000000000e+00 0.000000000000000000e+00 5.809609173508514801e-02 8.344188174833221394e-01 8.316500989827120272e-01 8.281497185133556149e-01 6.038686586798849287e-01 0.000000000000000000e+00 4.795874965934750489e-01 0.000000000000000000e+00
0.000000000000000000e+00 0.000000000000000000e+00 0.000000000000000000e+00 0.000000000000000000e+00 1.579743691455402776e-01 9.687219440525380865e-01 9.630272387059839456e-01 9.561312874977034859e-01 0.000000000000000000e+00 8.691845613964737094e-01 5.862467411782703586e-01 0.000000000000000000e+00
0.000000000000000000e+00 0.000000000000000000e+00 0.000000000000000000e+00 0.000000000000000000e+00 1.273939349111724850e-01 8.593809208773818265e-01 8.565036884588285160e-01 8.397048176583017387e-01 6.215961522494698466e-01 0.000000000000000000e+00 4.955024008625829590e-01 0.000000000000000000e+00
0.000000000000000000e+00 9.997535530141054005e-01 0.000000000000000000e+00 1.100049108092411076e+00 1.209075485159728791e-02 1.611063740306656611e-01 1.005773003222741213e+00 4.958833180746193836e-01 7.700229221196892571e-01 0.000000000000000000e+00 5.580338722028345133e-01 0.000000000000000000e+00
1.084768599135991884e+00 0.000000000000000000e+00 0.000000000000000000e+00 0.000000000000000000e+00 0.000000000000000000e+00 0.000000000000000000e+00 0.000000000000000000e+00 0.000000000000000000e+00 0.000000000000000000e+00 0.000000000000000000e+00 0.000000000000000000e+00 0.000000000000000000e+00
0.000000000000000000e+00 0.000000000000000000e+00 0.000000000000000000e+00 0.000000000000000000e+00 0.000000000000000000e+00 0.000000000000000000e+00 0.000000000000000000e+00 0.000000000000000000e+00 0.000000000000000000e+00 0.000000000000000000e+00 0.000000000000000000e+00 0.000000000000000000e+00
0.000000000000000000e+00 9.999999999998545608e-01 4.499999999997594813e-01 0.000000000000000000e+00 0.000000000000000000e+00 0.000000000000000000e+00 0.000000000000000000e+00 0.000000000000000000e+00 0.000000000000000000e+00 0.000000000000000000e+00 0.000000000000000000e+00 0.000000000000000000e+00
0.000000000000000000e+00 0.000000000000000000e+00 0.000000000000000000e+00 0.000000000000000000e+00 5.809609173508514801e-02 8.344188174833221394e-01 8.316500989827120272e-01 8.281497185133556149e-01 6.038686586798849287e-01 0.000000000000000000e+00 4.795874965934750489e-01 0.000000000000000000e+00
0.000000000000000000e+00 0.000000000000000000e+00 0.000000000000000000e+00 0.000000000000000000e+00 1.579743691455402776e-01 9.687219440525380865e-01 9.630272387059839456e-01 9.561312874977034859e-01 0.000000000000000000e+00 8.691845613964737094e-01 5.862467411782703586e-01 0.000000000000000000e+00
0.000000000000000000e+00 0.000000000000000000e+00 0.000000000000000000e+00 0.000000000000000000e+00 1.273939349111724850e-01 8.593809208773818265e-01 8.565036884588285160e-01 8.397048176583017387e-01 6.215961522494698466e-01 0.000000000000000000e+00 4.955024008625829590e-01 0.000000000000000000e+00
0.000000000000000000e+00 9.997535530141054005e-01 0.000000000000000000e+00 1.100049108092411076e+00 1.209075485159728791e-02 1.611063740306656611e-01 1.005773003222741213e+00 4.958833180746193836e-01 7.700229221196892571e-01 0.000000000000000000e+00 5.580338722028345133e-01 0.000000000000000000e+00
1.084768599135991884e+00 0.000000000000000000e+00 0.000000000000000000e+00 0.000000000000000000e+00 0.000000000000000000e+00 0.000000000000000000e+00 0.000000000000000000e+00 0.000000000000000000e+00 0.000000000000000000e+00 0.000000000000000000e+00 0.000000000000000000e+00 0.000000000000000000e+00
0.000000000000000000e+00 0.000000000000000000e+00 0.000000000000000000e+00 0.000000000000000000e+00 0.000000000000000000e+00 0.000000000000000000e+00 0.000000000000000000e+00 0.000000000000000000e+00 0.000000000000000000e+00 0.000000000000000000e+00 0.000000000000000000e+00 0.000000000000000000e+00
0.000000000000000000e+00 9.999999999998545608e-01 4.499999999997594813e-01 0.000000000000000000e+00 0.000000000000000000e+00 0.000000000000000000e+00 0.000000000000000000e+00 0.000000000000000000e+00 0.000000000000000000e+00 0.000000000000000000e+00 0.000000000000000000e+00 0.000000000000000000e+00
0.000000000000000000e+00 0.000000000000000000e+00 0.000000000000000000e+00 0.000000000000000000e+00 5.809609173508514801e-02 8.344188174833221394e-01 8.316500989827120272e-01 8.281497185133556149e-01 6.038686586798849287e-01 0.000000000000000000e+00 4.795874965934750489e-01 0.000000000000000000e+00
0.000000000000000000e+00 0.000000000000000000e+00 0.000000000000000000e+00 0.000000000000000000e+00 1.579743691455402776e-01 9.687219440525380865e-01 9.630272387059839456e-01 9.561312874977034859e-01 0.000000000000000000e+00 8.691845613964737094e-01 5.862467411782703586e-01 0.000000000000000000e+00
0.000000000000000000e+00 0.000000000000000000e+00 0.000000000000000000e+00 0.000000000000000000e+00 1.273939349111724850e-01 8.593809208773818265e-01 8.565036884588285160e-01 8.397048176583017387e-01 6.215961522494698466e-01 0.000000000000000000e+00 4.955024008625829590e-01 0.000000000000000000e+00
0.000000000000000000e+00 9.997535530141054005e-01 0.000000000000000000e+00 1.100049108092411076e+00 1.209075485159728791e-02 1.611063740306656611e-01 1.005773003222741213e+00 4.958833180746193836e-01 7.700229221196892571e-01 0.000000000000000000e+00 5.580338722028345133e-01 0.000000000000000000e+00
1.084768599135991884e+00 0.000000000000000000e+00 0.000000000000000000e+00 0.000000000000000000e+00 0.000000000000000000e+00 0.000000000000000000e+00 0.000000000000000000e+00 0.000000000000000000e+00 0.000000000000000000e+00 0.000000000000000000e+00 0.000000000000000000e+00 0.000000000000000000e+00
0.000000000000000000e+00 0.000000000000000000e+00 0.000000000000000000e+00 0.000000000000000000e+00 0.000000000000000000e+00 0.000000000000000000e+00 0.000000000000000000e+00 0.000000000000000000e+00 0.000000000000000000e+00 0.000000000000000000e+00 0.000000000000000000e+00 0.000000000000000000e+00
0.000000000000000000e+00 9.999999999998545608e-01 4.499999999997594813e-01 0.000000000000000000e+00 0.000000000000000000e+00 0.000000000000000000e+00 0.000000000000000000e+00 0.000000000000000000e+00 0.000000000000000000e+00 0.000000000000000000e+00 0.000000000000000000e+00 0.000000000000000000e+00
0.000000000000000000e+00 0.000000000000000000e+00 0.000000000000000000e+00 0.000000000000000000e+00 5.809609173508514801e-02 8.344188174833221394e-01 8.316500989827120272e-01 8.281497185133556149e-01 6.038686586798849287e-01 0.000000000000000000e+00 4.795874965934750489e-01 0.000000000000000000e+00
0.000000000000000000e+00 0.000000000000000000e+00 0.000000000000000000e+00 0.000000000000000000e+00 1.579743691455402776e-01 9.687219440525380865e-01 9.630272387059839456e-01 9.561312874977034859e-01 0.000000000000000000e+00 8.691845613964737094e-01 5.862467411782703586e-01 0.000000000000000000e+00
0.000000000000000000e+00 0.000000000000000000e+00 0.000000000000000000e+00 0.000000000000000000e+00 1.273939349111724850e-01 8.593809208773818265e-01 8.565036884588285160e-01 8.397048176583017387e-01 6.215961522494698466e-01 0.000000000000000000e+00 4.955024008625829590e-01 0.000000000000000000e+00
0.000000000000000000e+00 9.997535530141054005e-01 0.000000000000000000e+00 1.100049108092411076e+00 1.209075485159728791e-02 1.611063740306656611e-01 1.005773003222741213e+00 4.958833180746193836e-01 7.700229221196892571e-01 0.000000000000000000e+00 5.580338722028345133e-01 0.000000000000000000e+00
