1.097008450700323490e+00 0.000000000000000000e+00 0.000000000000000000e+00 0.000000000000000000e+00 0.000000000000000000e+00 0.000000000000000000e+00 0.000000000000000000e+00 0.000000000000000000e+00 0.000000000000000000e+00 0.000000000000000000e+00 0.000000000000000000e+00 0.000000000000000000e+00
0.000000000000000000e+00 0.000000000000000000e+00 0.000000000000000000e+00 0.000000000000000000e+00 0.000000000000000000e+00 0.000000000000000000e+00 0.000000000000000000e+00 0.000000000000000000e+00 0.000000000000000000e+00 0.000000000000000000e+00 0.000000000000000000e+00 0.000000000000000000e+00
0.000000000000000000e+00 9.999999999602018352e-01 4.499999999251303451e-01 0.000000000000000000e+00 0.000000000000000000e+00 0.000000000000000000e+00 0.000000000000000000e+00 0.000000000000000000e+00 0.000000000000000000e+00 0.000000000000000000e+00 0.000000000000000000e+00 0.000000000000000000e+00
0.000000000000000000e+00 0.000000000000000000e+00 0.000000000000000000e+00 0.000000000000000000e+00 1.580728961662375975e-01 8.527795894850553893e-01 8.469186483703990964e-01 8.278715540451465627e-01 6.166761974082408670e-01 0.000000000000000000e+00 4.966425040142163905e-01 0.000000000000000000e+00
0.000000000000000000e+00 0.000000000000000000e+00 0.000000000000000000e+00 0.000000000000000000e+00 2.599751787400134129e-01 9.997724590760971308e-01 9.699842017911990411e-01 9.719668157109697670e-01 0.000000000000000000e+00 8.820525802231625745e-01 6.053945276264598441e-01 0.000000000000000000e+00
0.000000000000000000e+00 0.000000000000000000e+00 0.000000000000000000e+00 0.000000000000000000e+00 1.773276683201578385e-01 8.799210017598138034e-01 8.674281581393654683e-01 8.569862674817897430e-01 6.308207367629846685e-01 0.000000000000000000e+00 5.085535239154354015e-01 0.000000000000000000e+00
0.000000000000000000e+00 9.977478030157138633e-01 0.000000000000000000e+00 1.099999999659412531e+00 8.031391446543335866e-03 1.377161819161668577e-01 9.650999156840407434e-01 2.235471282561706796e-01 7.699983259539748826e-01 0.000000000000000000e+00 4.779355493804520183e-01 0.000000000000000000e+00
1.097008450700323490e+00 0.000000000000000000e+00 0.000000000000000000e+00 0.000000000000000000e+00 0.000000000000000000e+00 0.000000000000000000e+00 0.000000000000000000e+00 0.000000000000000000e+00 0.000000000000000000e+00 0.000000000000000000e+00 0.000000000000000000e+00 0.000000000000000000e+00
0.000000000000000000e+00 0.000000000000000000e+00 0.000000000000000000e+00 0.000000000000000000e+00 0.000000000000000000e+00 0.000000000000000000e+00 0.000000000000000000e+00 0.000000000000000000e+00 0.000000000000000000e+00 0.000000000000000000e+00 0.000000000000000000e+00 0.000000000000000000e+00
0.000000000000000000e+00 9.999999999602018352e-01 4.499999999251303451e-01 0.000000000000000000e+00 0.000000000000000000e+00 0.000000000000000000e+00 0.000000000000000000e+00 0.000000000000000000e+00 0.000000000000000000e+00 0.000000000000000000e+00 0.000000000000000000e+00 0.000000000000000000e+00
0.000000000000000000e+00 0.000000000000000000e+00 0.000000000000000000e+00 0.000000000000000000e+00 1.580728961662375975e-01 8.527795894850553893e-01 8.469186483703990964e-01 8.278715540451465627e-01 6.166761974082408670e-01 0.000000000000000000e+00 4.966425040142163905e-01 0.000000000000000000e+00
0.000000000000000000e+00 0.000000000000000000e+00 0.000000000000000000e+00 0.000000000000000000e+00 2.599751787400134129e-01 9.997724590760971308e-01 9.699842017911990411e-01 9.719668157109697670e-01 0.000000000000000000e+00 8.820525802231625745e-01 6.053945276264598441e-01 0.000000000000000000e+00
0.000000000000000000e+00 0.000000000000000000e+00 0.000000000000000000e+00 0.000000000000000000e+00 1.773276683201578385e-01 8.799210017598138034e-01 8.674281581393654683e-01 8.569862674817897430e-01 6.308207367629846685e-01 0.000000000000000000e+00 5.085535239154354015e-01 0.000000000000000000e+00
0.000000000000000000e+00 9.977478030157138633e-01 0.000000000000000000e+00 1.099999999659412531e+00 8.031391446543335866e-03 1.377161819161668577e-01 9.650999156840407434e-01 2.235471282561706796e-01 7.699983259539748826e-01 0.000000000000000000e+00 4.779355493804520183e-01 0.000000000000000000e+00
1.097008450700323490e+00 0.000000000000000000e+00 0.000000000000000000e+00 0.000000000000000000e+00 0.000000000000000000e+00 0.000000000000000000e+00 0.000000000000000000e+00 0.000000000000000000e+00 0.000000000000000000e+00 0.000000000000000000e+00 0.000000000000000000e+00 0.000000000000000000e+00
0.000000000000000000e+00 0.000000000000000000e+00 0.000000000000000000e+00 0.000000000000000000e+00 0.000000000000000000e+00 0.000000000000000000e+00 0.000000000000000000e+00 0.000000000000000000e+00 0.000000000000000000e+00 0.000000000000000000e+00 0.000000000000000000e+00 0.000000000000000000e+00
0.000000000000000000e+00 9.999999999602018352e-01 4.499999999251303451e-01 0.000000000000000000e+00 0.000000000000000000e+00 0.000000000000000000e+00 0.000000000000000000e+00 0.000000000000000000e+00 0.000000000000000000e+00 0.000000000000000000e+00 0.000000000000000000e+00 0.000000000000000000e+00
0.000000000000000000e+00 0.000000000000000000e+00 0.000000000000000000e+00 0.000000000000000000e+00 1.580728961662375975e-01 8.527795894850553893e-01 8.469186483703990964e-01 8.278715540451465627e-01 6.166761974082408670e-01 0.000000000000000000e+00 4.966425040142163905e-01 0.000000000000000000e+00
0.000000000000000000e+00 0.000000000000000000e+00 0.000000000000000000e+00 0.000000000000000000e+00 2.599751787400134129e-01 9.997724590760971308e-01 9.699842017911990411e-01 9.719668157109697670e-01 0.000000000000000000e+00 8.820525802231625745e-01 6.053945276264598441e-01 0.000000000000000000e+00
0.000000000000000000e+00 0.000000000000000000e+00 0.000000000000000000e+00 0.000000000000000000e+00 1.773276683201578385e-01 8.799210017598138034e-01 8.674281581393654683e-01 8.569862674817897430e-01 6.308207367629846685e-01 0.000000000000000000e+00 5.085535239154354015e-01 0.000000000000000000e+00
0.000000000000000000e+00 9.977478030157138633e-01 0.000000000000000000e+00 1.099999999659412531e+00 8.031391446543335866e-03 1.377161819161668577e-01 9.650999156840407434e-01 2.235471282561706796e-01 7.699983259539748826e-01 0.000000000000000000e+00 4.779355493804520183e-01 0.000000000000000000e+00
1.097008450700323490e+00 0.000000000000000000e+00 0.000000000000000000e+00 0.000000000000000000e+00 0.000000000000000000e+00 0.000000000000000000e+00 0.000000000000000000e+00 0.000000000000000000e+00 0.000000000000000000e+00 0.000000000000000000e+00 0.000000000000000000e+00 0.000000000000000000e+00
0.000000000000000000e+00 0.000000000000000000e+00 0.000000000000000000e+00 0.000000000000000000e+00 0.000000000000000000e+00 0.000000000000000000e+00 0.000000000000000000e+00 0.000000000000000000e+00 0.000000000000000000e+00 0.000000000000000000e+00 0.000000000000000000e+00 0.000000000000000000e+00
0.000000000000000000e+00 9.999999999602018352e-01 4.499999999251303451e-01 0.000000000000000000e+00 0.000000000000000000e+00 0.000000000000000000e+00 0.000000000000000000e+00 0.000000000000000000e+00 0.000000000000000000e+00 0.000000000000000000e+00 0.000000000000000000e+00 0.000000000000000000e+00
0.000000000000000000e+00 0.000000000000000000e+00 0.000000000000000000e+00 0.000000000000000000e+00 1.580728961662375975e-01 8.527795894850553893e-01 8.469186483703990964e-01 8.278715540451465627e-01 6.166761974082408670e-01 0.000000000000000000e+00 4.966425040142163905e-01 0.000000000000000000e+00
0.000000000000000000e+00 0.000000000000000000e+00 0.000000000000000000e+00 0.000000000000000000e+00 2.599751787400134129e-01 9.997724590760971308e-01 9.699842017911990411e-01 9.719668157109697670e-01 0.000000000000000000e+00 8.820525802231625745e-01 6.053945276264598441e-01 0.000000000000000000e+00
0.000000000000000000e+00 0.000000000000000000e+00 0.000000000000000000e+00 0.000000000000000000e+00 1.773276683201578385e-01 8.799210017598138034e-01 8.674281581393654683e-01 8.569862674817897430e-01 6.308207367629846685e-01 0.000000000000000000e+00 5.085535239154354015e-01 0.000000000000000000e+00
0.000000000000000000e+00 9.977478030157138633e-01 0.000000000000000000e+00 1.099999999659412531e+00 8.031391446543335866e-03 1.377161819161668577e-01 9.650999156840407434e-01 2.235471282561706796e-01 7.699983259539748826e-01 0.000000000000000000e+00 4.779355493804520183e-01 0.000000000000000000e+00
